2.6952
2.5523
1.2661
1.7372
1.6541
2.2881
1.759
1.8903
2.7197
2.0569
1.6962
2.6424
2.2089
3.5944
2.7736
2.1665
1.5931
2.2462
2.1874
1.6376
3.2368
2.4051
1.8462
2.4292
2.1203
2.257
1.8424
1.7181
2.8334
1.8417
1.8962
1.2747
1.947
1.8449
1.6957
1.8919
2.1902
2.2458
2.6212
1.8257
2.2123
2.3021
1.1406
1.7354
1.6224
2.0946
1.8942
1.828
2.4434
1.8768
1.868
2.6711
1.7908
2.1055
1.8006
2.8146
2.304
1.7709
1.9269
2.0296
1.9635
2.3936
1.4647
1.6677
1.2937
2.5507
3.3225
1.6821
2.0851
1.5209
1.6423
2.1877
2.2569
1.691
1.7293
2.5895
2.2451
1.6653
1.7571
2.0411
3.2612
2.2226
1.9705
2.2821
1.5557
1.3235
2.8587
2.3478
1.6092
2.197
1.8808
1.3466
1.8817
1.528
1.9581
1.6492
1.8759
1.77
2.6581
1.836
1.8723
2.5762
2.416
2.7072
2.0601
3.0428
1.8336
1.7663
2.3638
1.5595
1.228
2.8149
1.6329
2.2645
2.8427
2.1621
1.2613
2.0287
2.3966
2.1678
1.6085
2.4902
2.0315
2.1904
2.7994
1.2713
2.739
2.2997
1.7733
2.2944
1.4655
2.9355
2.0375
1.7178
2.1647
2.021
2.3086
1.6116
1.2635
2.1219
2.3353
1.344
1.715
2.5003
1.7141
1.3601
2.6715
2.6474
1.4043
2.2517
2.4678
2.3056
2.477
2.9087
1.4153
1.9551
1.2561
1.5313
1.9935
1.7519
1.9307
2.7994
1.4819
1.7023
2.4151
2.3478
2.4959
0.9793
2.3707
2.2319
1.8601
1.3946
1.6488
2.3215
1.8024
2.032
2.0182
1.8815
1.8184
1.452
2.1467
1.9086
1.9183
2.3729
2.5934
1.7539
3.1539
1.8312
1.1917
1.6132
2.0386
1.6129
1.6098
2.1578
2.0974
1.4944
1.4797
2.6501
2.7937
1.8112
2.1748
1.5712
1.6962
1.9377
1.3747
0.9348
2.3546
1.4557
2.2623
2.2373
1.5801
2.1061
2.7046
2.3894
1.9615
1.1588
2.7479
0.7276
1.8524
2.9161
1.9652
1.6607
2.6706
2.9807
2.867
1.7735
2.6
2.3654
1.9133
2.8797
1.6552
2.2906
1.8159
1.1372
2.622
2.4171
2.2418
2.1443
1.3764
1.7993
2.0036
2.7112
1.6654
1.9904
1.7189
0.9782
1.7381
1.9745
1.974
1.3926
4.4431
4.2629
4.1864
5.074
4.568
4.5982
4.316
5.5202
5.5448
4.0251
4.4832
4.3902
4.2613
4.7075
4.3541
5.7124
4.2024
3.5351
6.2107
3.9829
5.062
4.6509
4.8463
4.4679
6.1897
5.5486
4.555
5.5631
5.5097
6.6069
4.3588
5.0539
4.2317
5.2108
4.2713
4.8269
3.319
5.7407
4.7493
5.1695
5.0253
4.1336
5.17
5.9966
4.6911
3.9123
5.2889
5.1005
4.7598
5.6399
4.8677
4.3959
6.1919
4.7067
5.6828
4.3637
4.2941
5.2322
3.508
5.0022
4.8181
6.2341
5.1625
3.1242
6.6209
3.7085
4.4943
5.409
5.8844
3.604
4.9741
3.9048
4.5041
5.9087
4.3417
3.9819
4.3738
4.2594
6.7788
6.554
4.3876
5.4115
4.1595
4.5548
3.8791
4.176
6.0844
5.8367
4.3702
5.2942
5.2985
5.1669
5.2921
3.9251
4.3651
3.9458
3.5464
4.3627
5.6711
3.903
5.1698
4.508
4.7551
5.0131
4.404
6.2979
4.592
5.8577
5.5491
4.2894
4.981
5.0822
6.5001
5.1575
5.0909
6.7743
5.0355
6.3336
5.3365
5.8747
5.4672
4.8964
4.1252
3.777
5.8232
6.175
6.3607
5.7292
6.6038
5.0997
5.438
3.624
5.4877
5.9086
5.0348
4.9638
4.9028
4.8565
4.2332
5.1115
5.892
4.52
4.886
5.5384
5.675
3.8599
5.0126
4.9445
4.6951
5.0347
5.7872
6.9696
5.1542
4.935
4.374
3.2838
5.8895
5.242
4.2917
5.033
3.8371
3.1741
4.1982
4.8902
5.6153
4.6866
4.2516
5.1157
4.4681
4.0321
5.4558
5.4333
5.1354
5.1235
5.0377
4.7453
5.788
3.9961
3.9656
5.2701
4.9646
5.4154
5.3192
4.9647
5.1229
4.8488
4.727
4.9487
4.0364
4.7212
5.378
3.6382
5.3394
4.7927
4.3827
4.6181
6.6503
6.3568
4.8078
5.2525
4.5153
5.9913
4.8543
5.5548
5.6007
3.949
4.5706
6.2282
4.5302
5.4958
5.4259
5.0015
4.6261
5.8907
5.1279
4.9215
5.5719
5.7941
3.6843
5.3388
4.7894
4.7277
5.8447
3.2667
4.5811
4.4644
5.3525
5.1506
6.3479
3.5523
4.5917
3.668
4.634
3.7515
5.5146
3.4836
3.8062
4.6545
4.4104
5.0561
4.9474
5.4737
5.6156
4.9208
3.5571
3.9898
5.5264
5.1164
4.017
5.2476
